[array([0.731024, 0.733   ]), array([0.702637, 0.926564]), array([0.492581, 0.611593, 0.340176]), array([0.577766, 0.428772, 0.425826, 0.249007]), array([0.224189, 0.84648 , 0.879484, 0.878516]), array([0.728186, 0.154693, 0.732552, 0.693997, 0.056401]), array([0.057896, 0.491672, 0.247422, 0.218118, 0.420428, 0.73097 ]), array([0.056447, 0.065956, 0.022929, 0.038786, 0.403935, 0.801055,
       0.488307, 0.893085])]
[array([0.731024, 0.750792]), array([0.702637, 0.940484]), array([0.492581, 0.590954, 0.340176]), array([0.567788, 0.426327, 0.425826, 0.249007]), array([0.197574, 0.8598  , 0.879484, 0.878516]), array([0.728186, 0.154693, 0.733542, 0.693997, 0.048571]), array([0.057896, 0.487666, 0.247422, 0.218118, 0.420428, 0.712837]), array([0.060144, 0.047814, 0.022929, 0.038786, 0.403935, 0.801055,
       0.488307, 0.893085])]
[array([0.705525, 0.885393]), array([0.985196, 0.534335]), array([0.974723, 0.681986, 0.850234]), array([0.468003, 0.383414, 0.266356, 0.376073]), array([0.8001  , 0.522596, 0.993826, 0.999829]), array([0.728186, 0.165881, 0.732552, 0.693997, 0.060275]), array([0.061941, 0.487666, 0.247422, 0.218118, 0.420428, 0.727484]), array([0.036478, 0.065956, 0.022929, 0.038786, 0.403935, 0.801055,
       0.507995, 0.893085])]
[array([0.766337, 0.38485 ]), array([0.743978, 0.150054]), array([0.04927 , 0.150671, 0.0002  ]), array([0.325496, 0.402385, 0.477798, 0.453602]), array([0.986591, 0.866088, 0.978811, 0.997373]), array([0.245769, 0.529123, 0.43852 , 0.89785 , 0.015077]), array([0.02954 , 0.696038, 0.986813, 0.078269, 0.189421, 0.824967]), array([0.142392, 0.106853, 0.004234, 0.99685 , 0.721583, 0.67536 ,
       0.02311 , 0.293328])]
[array([0.804578, 0.256001]), array([1.15000e-04, 8.28201e-01]), array([0.129295, 0.915258, 0.657147]), array([0.402153, 0.521658, 0.464167, 0.433898]), array([0.999391, 0.703661, 0.969613, 0.957963]), array([0.447146, 0.082079, 0.172696, 0.946339, 0.029792]), array([0.125568, 0.015754, 0.040848, 0.043621, 0.171504, 0.92082 ]), array([0.044718, 0.682028, 0.005983, 0.387542, 0.654618, 0.527547,
       0.003419, 0.335073])]
[array([0.374545, 0.474256]), array([0.691615, 0.662198]), array([0.986219, 0.406018, 0.080996]), array([0.439522, 0.303303, 0.347783, 0.354975]), array([0.906942, 0.983897, 0.989207, 0.716609]), array([0.085372, 0.022926, 0.323806, 0.06181 , 0.026901]), array([0.093706, 0.959928, 0.378428, 0.028032, 0.366824, 0.893595]), array([0.225167, 0.255918, 0.086437, 0.029851, 0.060575, 0.95356 ,
       0.023665, 0.311708])]
[array([0.786316, 0.706623]), array([0.697974, 0.618942]), array([0.38715 , 0.34628 , 0.507868]), array([0.443009, 0.230732, 0.464306, 0.462897]), array([0.974571, 0.878993, 0.77206 , 0.980014]), array([0.522774, 0.159809, 0.855098, 0.882709, 0.021392]), array([0.239719, 0.879324, 0.159744, 0.029353, 0.549302, 0.002605]), array([0.082206, 0.14994 , 0.222472, 0.001526, 0.930137, 0.014059,
       0.685381, 0.133759])]